{
 "cells": [
  {
   "cell_type": "code",
   "execution_count": 2,
   "metadata": {},
   "outputs": [],
   "source": [
    "import pandas as pd\n",
    "import numpy as np\n",
    "import random as rnd\n",
    "\n",
    "import seaborn as sns\n",
    "import matplotlib.pyplot as plt\n",
    "%matplotlib inline"
   ]
  },
  {
   "cell_type": "code",
   "execution_count": 50,
   "metadata": {},
   "outputs": [
    {
     "data": {
      "text/html": [
       "<div>\n",
       "<style scoped>\n",
       "    .dataframe tbody tr th:only-of-type {\n",
       "        vertical-align: middle;\n",
       "    }\n",
       "\n",
       "    .dataframe tbody tr th {\n",
       "        vertical-align: top;\n",
       "    }\n",
       "\n",
       "    .dataframe thead th {\n",
       "        text-align: right;\n",
       "    }\n",
       "</style>\n",
       "<table border=\"1\" class=\"dataframe\">\n",
       "  <thead>\n",
       "    <tr style=\"text-align: right;\">\n",
       "      <th></th>\n",
       "      <th>DOB_YY</th>\n",
       "      <th>MM_MTR</th>\n",
       "      <th>MM_PLAC</th>\n",
       "      <th>MM_RUPT</th>\n",
       "      <th>MM_UHYST</th>\n",
       "      <th>MM_AICU</th>\n",
       "      <th>NO_MMORB</th>\n",
       "      <th>AB_NICU</th>\n",
       "    </tr>\n",
       "  </thead>\n",
       "  <tbody>\n",
       "    <tr>\n",
       "      <th>1601531</th>\n",
       "      <td>2018</td>\n",
       "      <td>N</td>\n",
       "      <td>N</td>\n",
       "      <td>N</td>\n",
       "      <td>N</td>\n",
       "      <td>N</td>\n",
       "      <td>1.0</td>\n",
       "      <td>N</td>\n",
       "    </tr>\n",
       "    <tr>\n",
       "      <th>1601532</th>\n",
       "      <td>2018</td>\n",
       "      <td>N</td>\n",
       "      <td>N</td>\n",
       "      <td>N</td>\n",
       "      <td>N</td>\n",
       "      <td>N</td>\n",
       "      <td>1.0</td>\n",
       "      <td>N</td>\n",
       "    </tr>\n",
       "    <tr>\n",
       "      <th>1601533</th>\n",
       "      <td>2018</td>\n",
       "      <td>N</td>\n",
       "      <td>N</td>\n",
       "      <td>N</td>\n",
       "      <td>N</td>\n",
       "      <td>N</td>\n",
       "      <td>1.0</td>\n",
       "      <td>N</td>\n",
       "    </tr>\n",
       "    <tr>\n",
       "      <th>1601534</th>\n",
       "      <td>2018</td>\n",
       "      <td>N</td>\n",
       "      <td>N</td>\n",
       "      <td>N</td>\n",
       "      <td>N</td>\n",
       "      <td>N</td>\n",
       "      <td>1.0</td>\n",
       "      <td>N</td>\n",
       "    </tr>\n",
       "    <tr>\n",
       "      <th>1601535</th>\n",
       "      <td>2018</td>\n",
       "      <td>N</td>\n",
       "      <td>N</td>\n",
       "      <td>N</td>\n",
       "      <td>N</td>\n",
       "      <td>N</td>\n",
       "      <td>1.0</td>\n",
       "      <td>N</td>\n",
       "    </tr>\n",
       "  </tbody>\n",
       "</table>\n",
       "</div>"
      ],
      "text/plain": [
       "         DOB_YY MM_MTR MM_PLAC MM_RUPT MM_UHYST MM_AICU  NO_MMORB AB_NICU\n",
       "1601531    2018      N       N       N        N       N       1.0       N\n",
       "1601532    2018      N       N       N        N       N       1.0       N\n",
       "1601533    2018      N       N       N        N       N       1.0       N\n",
       "1601534    2018      N       N       N        N       N       1.0       N\n",
       "1601535    2018      N       N       N        N       N       1.0       N"
      ]
     },
     "execution_count": 50,
     "metadata": {},
     "output_type": "execute_result"
    }
   ],
   "source": [
    "train_df = pd.read_csv(\"maternal_morbidity_1.csv\", sep='\\t')\n",
    "train_df.tail()"
   ]
  },
  {
   "cell_type": "code",
   "execution_count": 51,
   "metadata": {},
   "outputs": [],
   "source": [
    "df = train_df.dropna()"
   ]
  },
  {
   "cell_type": "code",
   "execution_count": 14,
   "metadata": {},
   "outputs": [],
   "source": [
    "def parseToInt(val):\n",
    "    if(val == 'X'):\n",
    "        return 0\n",
    "    elif(val == 'U'):\n",
    "        return 1\n",
    "    elif(val == 'N'):\n",
    "        return 2\n",
    "    else:\n",
    "        return 3"
   ]
  },
  {
   "cell_type": "code",
   "execution_count": 52,
   "metadata": {},
   "outputs": [
    {
     "name": "stderr",
     "output_type": "stream",
     "text": [
      "/Users/babu/anaconda3/lib/python3.7/site-packages/ipykernel_launcher.py:1: SettingWithCopyWarning: \n",
      "A value is trying to be set on a copy of a slice from a DataFrame.\n",
      "Try using .loc[row_indexer,col_indexer] = value instead\n",
      "\n",
      "See the caveats in the documentation: http://pandas.pydata.org/pandas-docs/stable/indexing.html#indexing-view-versus-copy\n",
      "  \"\"\"Entry point for launching an IPython kernel.\n",
      "/Users/babu/anaconda3/lib/python3.7/site-packages/ipykernel_launcher.py:2: SettingWithCopyWarning: \n",
      "A value is trying to be set on a copy of a slice from a DataFrame.\n",
      "Try using .loc[row_indexer,col_indexer] = value instead\n",
      "\n",
      "See the caveats in the documentation: http://pandas.pydata.org/pandas-docs/stable/indexing.html#indexing-view-versus-copy\n",
      "  \n",
      "/Users/babu/anaconda3/lib/python3.7/site-packages/ipykernel_launcher.py:3: SettingWithCopyWarning: \n",
      "A value is trying to be set on a copy of a slice from a DataFrame.\n",
      "Try using .loc[row_indexer,col_indexer] = value instead\n",
      "\n",
      "See the caveats in the documentation: http://pandas.pydata.org/pandas-docs/stable/indexing.html#indexing-view-versus-copy\n",
      "  This is separate from the ipykernel package so we can avoid doing imports until\n",
      "/Users/babu/anaconda3/lib/python3.7/site-packages/ipykernel_launcher.py:4: SettingWithCopyWarning: \n",
      "A value is trying to be set on a copy of a slice from a DataFrame.\n",
      "Try using .loc[row_indexer,col_indexer] = value instead\n",
      "\n",
      "See the caveats in the documentation: http://pandas.pydata.org/pandas-docs/stable/indexing.html#indexing-view-versus-copy\n",
      "  after removing the cwd from sys.path.\n",
      "/Users/babu/anaconda3/lib/python3.7/site-packages/ipykernel_launcher.py:5: SettingWithCopyWarning: \n",
      "A value is trying to be set on a copy of a slice from a DataFrame.\n",
      "Try using .loc[row_indexer,col_indexer] = value instead\n",
      "\n",
      "See the caveats in the documentation: http://pandas.pydata.org/pandas-docs/stable/indexing.html#indexing-view-versus-copy\n",
      "  \"\"\"\n",
      "/Users/babu/anaconda3/lib/python3.7/site-packages/ipykernel_launcher.py:6: SettingWithCopyWarning: \n",
      "A value is trying to be set on a copy of a slice from a DataFrame.\n",
      "Try using .loc[row_indexer,col_indexer] = value instead\n",
      "\n",
      "See the caveats in the documentation: http://pandas.pydata.org/pandas-docs/stable/indexing.html#indexing-view-versus-copy\n",
      "  \n"
     ]
    }
   ],
   "source": [
    "df['MM_MTR'] = pd.DataFrame(list(map(parseToInt, df['MM_MTR'])))\n",
    "df['MM_PLAC'] = pd.DataFrame(list(map(parseToInt, df['MM_PLAC'])))\n",
    "df['MM_RUPT'] = pd.DataFrame(list(map(parseToInt, df['MM_RUPT'])))\n",
    "df['MM_UHYST'] = pd.DataFrame(list(map(parseToInt, df['MM_UHYST'])))\n",
    "df['MM_AICU'] = pd.DataFrame(list(map(parseToInt, df['MM_AICU'])))\n",
    "df['AB_NICU'] = pd.DataFrame(list(map(parseToInt, df['AB_NICU'])))"
   ]
  },
  {
   "cell_type": "code",
   "execution_count": 53,
   "metadata": {},
   "outputs": [
    {
     "data": {
      "text/html": [
       "<div>\n",
       "<style scoped>\n",
       "    .dataframe tbody tr th:only-of-type {\n",
       "        vertical-align: middle;\n",
       "    }\n",
       "\n",
       "    .dataframe tbody tr th {\n",
       "        vertical-align: top;\n",
       "    }\n",
       "\n",
       "    .dataframe thead th {\n",
       "        text-align: right;\n",
       "    }\n",
       "</style>\n",
       "<table border=\"1\" class=\"dataframe\">\n",
       "  <thead>\n",
       "    <tr style=\"text-align: right;\">\n",
       "      <th></th>\n",
       "      <th>DOB_YY</th>\n",
       "      <th>MM_MTR</th>\n",
       "      <th>MM_PLAC</th>\n",
       "      <th>MM_RUPT</th>\n",
       "      <th>MM_UHYST</th>\n",
       "      <th>MM_AICU</th>\n",
       "      <th>NO_MMORB</th>\n",
       "      <th>AB_NICU</th>\n",
       "    </tr>\n",
       "  </thead>\n",
       "  <tbody>\n",
       "    <tr>\n",
       "      <th>DOB_YY</th>\n",
       "      <td>1.000000</td>\n",
       "      <td>0.011940</td>\n",
       "      <td>0.002435</td>\n",
       "      <td>0.009357</td>\n",
       "      <td>0.009198</td>\n",
       "      <td>0.006223</td>\n",
       "      <td>-0.012052</td>\n",
       "      <td>0.015789</td>\n",
       "    </tr>\n",
       "    <tr>\n",
       "      <th>MM_MTR</th>\n",
       "      <td>0.011940</td>\n",
       "      <td>1.000000</td>\n",
       "      <td>0.240428</td>\n",
       "      <td>0.532463</td>\n",
       "      <td>0.575229</td>\n",
       "      <td>0.506880</td>\n",
       "      <td>-0.011218</td>\n",
       "      <td>0.060041</td>\n",
       "    </tr>\n",
       "    <tr>\n",
       "      <th>MM_PLAC</th>\n",
       "      <td>0.002435</td>\n",
       "      <td>0.240428</td>\n",
       "      <td>1.000000</td>\n",
       "      <td>0.370507</td>\n",
       "      <td>0.365361</td>\n",
       "      <td>0.292814</td>\n",
       "      <td>-0.014037</td>\n",
       "      <td>0.019505</td>\n",
       "    </tr>\n",
       "    <tr>\n",
       "      <th>MM_RUPT</th>\n",
       "      <td>0.009357</td>\n",
       "      <td>0.532463</td>\n",
       "      <td>0.370507</td>\n",
       "      <td>1.000000</td>\n",
       "      <td>0.828404</td>\n",
       "      <td>0.662453</td>\n",
       "      <td>-0.012090</td>\n",
       "      <td>0.061401</td>\n",
       "    </tr>\n",
       "    <tr>\n",
       "      <th>MM_UHYST</th>\n",
       "      <td>0.009198</td>\n",
       "      <td>0.575229</td>\n",
       "      <td>0.365361</td>\n",
       "      <td>0.828404</td>\n",
       "      <td>1.000000</td>\n",
       "      <td>0.706907</td>\n",
       "      <td>-0.012842</td>\n",
       "      <td>0.063089</td>\n",
       "    </tr>\n",
       "    <tr>\n",
       "      <th>MM_AICU</th>\n",
       "      <td>0.006223</td>\n",
       "      <td>0.506880</td>\n",
       "      <td>0.292814</td>\n",
       "      <td>0.662453</td>\n",
       "      <td>0.706907</td>\n",
       "      <td>1.000000</td>\n",
       "      <td>-0.012076</td>\n",
       "      <td>0.082772</td>\n",
       "    </tr>\n",
       "    <tr>\n",
       "      <th>NO_MMORB</th>\n",
       "      <td>-0.012052</td>\n",
       "      <td>-0.011218</td>\n",
       "      <td>-0.014037</td>\n",
       "      <td>-0.012090</td>\n",
       "      <td>-0.012842</td>\n",
       "      <td>-0.012076</td>\n",
       "      <td>1.000000</td>\n",
       "      <td>-0.002370</td>\n",
       "    </tr>\n",
       "    <tr>\n",
       "      <th>AB_NICU</th>\n",
       "      <td>0.015789</td>\n",
       "      <td>0.060041</td>\n",
       "      <td>0.019505</td>\n",
       "      <td>0.061401</td>\n",
       "      <td>0.063089</td>\n",
       "      <td>0.082772</td>\n",
       "      <td>-0.002370</td>\n",
       "      <td>1.000000</td>\n",
       "    </tr>\n",
       "  </tbody>\n",
       "</table>\n",
       "</div>"
      ],
      "text/plain": [
       "            DOB_YY    MM_MTR   MM_PLAC   MM_RUPT  MM_UHYST   MM_AICU  \\\n",
       "DOB_YY    1.000000  0.011940  0.002435  0.009357  0.009198  0.006223   \n",
       "MM_MTR    0.011940  1.000000  0.240428  0.532463  0.575229  0.506880   \n",
       "MM_PLAC   0.002435  0.240428  1.000000  0.370507  0.365361  0.292814   \n",
       "MM_RUPT   0.009357  0.532463  0.370507  1.000000  0.828404  0.662453   \n",
       "MM_UHYST  0.009198  0.575229  0.365361  0.828404  1.000000  0.706907   \n",
       "MM_AICU   0.006223  0.506880  0.292814  0.662453  0.706907  1.000000   \n",
       "NO_MMORB -0.012052 -0.011218 -0.014037 -0.012090 -0.012842 -0.012076   \n",
       "AB_NICU   0.015789  0.060041  0.019505  0.061401  0.063089  0.082772   \n",
       "\n",
       "          NO_MMORB   AB_NICU  \n",
       "DOB_YY   -0.012052  0.015789  \n",
       "MM_MTR   -0.011218  0.060041  \n",
       "MM_PLAC  -0.014037  0.019505  \n",
       "MM_RUPT  -0.012090  0.061401  \n",
       "MM_UHYST -0.012842  0.063089  \n",
       "MM_AICU  -0.012076  0.082772  \n",
       "NO_MMORB  1.000000 -0.002370  \n",
       "AB_NICU  -0.002370  1.000000  "
      ]
     },
     "execution_count": 53,
     "metadata": {},
     "output_type": "execute_result"
    }
   ],
   "source": [
    "df.corr()"
   ]
  },
  {
   "cell_type": "code",
   "execution_count": 5,
   "metadata": {},
   "outputs": [
    {
     "data": {
      "text/html": [
       "<div>\n",
       "<style scoped>\n",
       "    .dataframe tbody tr th:only-of-type {\n",
       "        vertical-align: middle;\n",
       "    }\n",
       "\n",
       "    .dataframe tbody tr th {\n",
       "        vertical-align: top;\n",
       "    }\n",
       "\n",
       "    .dataframe thead th {\n",
       "        text-align: right;\n",
       "    }\n",
       "</style>\n",
       "<table border=\"1\" class=\"dataframe\">\n",
       "  <thead>\n",
       "    <tr style=\"text-align: right;\">\n",
       "      <th></th>\n",
       "      <th>DOB_YY</th>\n",
       "      <th>MM_MTR</th>\n",
       "      <th>MM_PLAC</th>\n",
       "      <th>MM_RUPT</th>\n",
       "      <th>MM_UHYST</th>\n",
       "      <th>MM_AICU</th>\n",
       "      <th>NO_MMORB</th>\n",
       "      <th>AB_NICU</th>\n",
       "    </tr>\n",
       "  </thead>\n",
       "  <tbody>\n",
       "    <tr>\n",
       "      <th>315588</th>\n",
       "      <td>2018</td>\n",
       "      <td>N</td>\n",
       "      <td>N</td>\n",
       "      <td>N</td>\n",
       "      <td>N</td>\n",
       "      <td>N</td>\n",
       "      <td>1</td>\n",
       "      <td>N</td>\n",
       "    </tr>\n",
       "    <tr>\n",
       "      <th>315589</th>\n",
       "      <td>2018</td>\n",
       "      <td>N</td>\n",
       "      <td>N</td>\n",
       "      <td>N</td>\n",
       "      <td>N</td>\n",
       "      <td>N</td>\n",
       "      <td>1</td>\n",
       "      <td>N</td>\n",
       "    </tr>\n",
       "    <tr>\n",
       "      <th>315590</th>\n",
       "      <td>2018</td>\n",
       "      <td>N</td>\n",
       "      <td>N</td>\n",
       "      <td>N</td>\n",
       "      <td>N</td>\n",
       "      <td>N</td>\n",
       "      <td>1</td>\n",
       "      <td>N</td>\n",
       "    </tr>\n",
       "    <tr>\n",
       "      <th>315591</th>\n",
       "      <td>2018</td>\n",
       "      <td>N</td>\n",
       "      <td>N</td>\n",
       "      <td>N</td>\n",
       "      <td>N</td>\n",
       "      <td>N</td>\n",
       "      <td>1</td>\n",
       "      <td>N</td>\n",
       "    </tr>\n",
       "    <tr>\n",
       "      <th>315592</th>\n",
       "      <td>2018</td>\n",
       "      <td>N</td>\n",
       "      <td>N</td>\n",
       "      <td>N</td>\n",
       "      <td>N</td>\n",
       "      <td>N</td>\n",
       "      <td>1</td>\n",
       "      <td>N</td>\n",
       "    </tr>\n",
       "  </tbody>\n",
       "</table>\n",
       "</div>"
      ],
      "text/plain": [
       "        DOB_YY MM_MTR MM_PLAC MM_RUPT MM_UHYST MM_AICU  NO_MMORB AB_NICU\n",
       "315588    2018      N       N       N        N       N         1       N\n",
       "315589    2018      N       N       N        N       N         1       N\n",
       "315590    2018      N       N       N        N       N         1       N\n",
       "315591    2018      N       N       N        N       N         1       N\n",
       "315592    2018      N       N       N        N       N         1       N"
      ]
     },
     "execution_count": 5,
     "metadata": {},
     "output_type": "execute_result"
    }
   ],
   "source": [
    "df_mat_18_1 = pd.read_csv(\"maternal_morbidity_18_1.csv\", sep='\\t')\n",
    "df_mat_18_1.tail()"
   ]
  },
  {
   "cell_type": "code",
   "execution_count": 15,
   "metadata": {},
   "outputs": [],
   "source": [
    "df_mat_18_1['MM_MTR'] = pd.DataFrame(list(map(parseToInt, df_mat_18_1['MM_MTR'])))\n",
    "df_mat_18_1['MM_PLAC'] = pd.DataFrame(list(map(parseToInt, df_mat_18_1['MM_PLAC'])))\n",
    "df_mat_18_1['MM_RUPT'] = pd.DataFrame(list(map(parseToInt, df_mat_18_1['MM_RUPT'])))\n",
    "df_mat_18_1['MM_UHYST'] = pd.DataFrame(list(map(parseToInt, df_mat_18_1['MM_UHYST'])))\n",
    "df_mat_18_1['MM_AICU'] = pd.DataFrame(list(map(parseToInt, df_mat_18_1['MM_AICU'])))\n",
    "df_mat_18_1['AB_NICU'] = pd.DataFrame(list(map(parseToInt, df_mat_18_1['AB_NICU'])))"
   ]
  },
  {
   "cell_type": "code",
   "execution_count": 24,
   "metadata": {},
   "outputs": [],
   "source": [
    "df_mat_18_1.drop(\"DOB_YY\", axis = 1, inplace = True)"
   ]
  },
  {
   "cell_type": "code",
   "execution_count": 23,
   "metadata": {},
   "outputs": [
    {
     "data": {
      "text/html": [
       "<div>\n",
       "<style scoped>\n",
       "    .dataframe tbody tr th:only-of-type {\n",
       "        vertical-align: middle;\n",
       "    }\n",
       "\n",
       "    .dataframe tbody tr th {\n",
       "        vertical-align: top;\n",
       "    }\n",
       "\n",
       "    .dataframe thead th {\n",
       "        text-align: right;\n",
       "    }\n",
       "</style>\n",
       "<table border=\"1\" class=\"dataframe\">\n",
       "  <thead>\n",
       "    <tr style=\"text-align: right;\">\n",
       "      <th></th>\n",
       "      <th>MM_MTR</th>\n",
       "      <th>MM_PLAC</th>\n",
       "      <th>MM_RUPT</th>\n",
       "      <th>MM_UHYST</th>\n",
       "      <th>MM_AICU</th>\n",
       "      <th>NO_MMORB</th>\n",
       "      <th>AB_NICU</th>\n",
       "    </tr>\n",
       "  </thead>\n",
       "  <tbody>\n",
       "    <tr>\n",
       "      <th>MM_MTR</th>\n",
       "      <td>1.000000</td>\n",
       "      <td>0.173608</td>\n",
       "      <td>0.422555</td>\n",
       "      <td>0.478698</td>\n",
       "      <td>0.422613</td>\n",
       "      <td>-0.616450</td>\n",
       "      <td>0.051321</td>\n",
       "    </tr>\n",
       "    <tr>\n",
       "      <th>MM_PLAC</th>\n",
       "      <td>0.173608</td>\n",
       "      <td>1.000000</td>\n",
       "      <td>0.295153</td>\n",
       "      <td>0.292996</td>\n",
       "      <td>0.222735</td>\n",
       "      <td>-0.608295</td>\n",
       "      <td>0.009020</td>\n",
       "    </tr>\n",
       "    <tr>\n",
       "      <th>MM_RUPT</th>\n",
       "      <td>0.422555</td>\n",
       "      <td>0.295153</td>\n",
       "      <td>1.000000</td>\n",
       "      <td>0.738407</td>\n",
       "      <td>0.565754</td>\n",
       "      <td>-0.813401</td>\n",
       "      <td>0.046307</td>\n",
       "    </tr>\n",
       "    <tr>\n",
       "      <th>MM_UHYST</th>\n",
       "      <td>0.478698</td>\n",
       "      <td>0.292996</td>\n",
       "      <td>0.738407</td>\n",
       "      <td>1.000000</td>\n",
       "      <td>0.634805</td>\n",
       "      <td>-0.809498</td>\n",
       "      <td>0.048568</td>\n",
       "    </tr>\n",
       "    <tr>\n",
       "      <th>MM_AICU</th>\n",
       "      <td>0.422613</td>\n",
       "      <td>0.222735</td>\n",
       "      <td>0.565754</td>\n",
       "      <td>0.634805</td>\n",
       "      <td>1.000000</td>\n",
       "      <td>-0.691818</td>\n",
       "      <td>0.070548</td>\n",
       "    </tr>\n",
       "    <tr>\n",
       "      <th>NO_MMORB</th>\n",
       "      <td>-0.616450</td>\n",
       "      <td>-0.608295</td>\n",
       "      <td>-0.813401</td>\n",
       "      <td>-0.809498</td>\n",
       "      <td>-0.691818</td>\n",
       "      <td>1.000000</td>\n",
       "      <td>-0.053603</td>\n",
       "    </tr>\n",
       "    <tr>\n",
       "      <th>AB_NICU</th>\n",
       "      <td>0.051321</td>\n",
       "      <td>0.009020</td>\n",
       "      <td>0.046307</td>\n",
       "      <td>0.048568</td>\n",
       "      <td>0.070548</td>\n",
       "      <td>-0.053603</td>\n",
       "      <td>1.000000</td>\n",
       "    </tr>\n",
       "  </tbody>\n",
       "</table>\n",
       "</div>"
      ],
      "text/plain": [
       "            MM_MTR   MM_PLAC   MM_RUPT  MM_UHYST   MM_AICU  NO_MMORB   AB_NICU\n",
       "MM_MTR    1.000000  0.173608  0.422555  0.478698  0.422613 -0.616450  0.051321\n",
       "MM_PLAC   0.173608  1.000000  0.295153  0.292996  0.222735 -0.608295  0.009020\n",
       "MM_RUPT   0.422555  0.295153  1.000000  0.738407  0.565754 -0.813401  0.046307\n",
       "MM_UHYST  0.478698  0.292996  0.738407  1.000000  0.634805 -0.809498  0.048568\n",
       "MM_AICU   0.422613  0.222735  0.565754  0.634805  1.000000 -0.691818  0.070548\n",
       "NO_MMORB -0.616450 -0.608295 -0.813401 -0.809498 -0.691818  1.000000 -0.053603\n",
       "AB_NICU   0.051321  0.009020  0.046307  0.048568  0.070548 -0.053603  1.000000"
      ]
     },
     "execution_count": 23,
     "metadata": {},
     "output_type": "execute_result"
    }
   ],
   "source": [
    "df_mat_18_1.corr()"
   ]
  },
  {
   "cell_type": "code",
   "execution_count": 31,
   "metadata": {},
   "outputs": [
    {
     "data": {
      "text/html": [
       "<div>\n",
       "<style scoped>\n",
       "    .dataframe tbody tr th:only-of-type {\n",
       "        vertical-align: middle;\n",
       "    }\n",
       "\n",
       "    .dataframe tbody tr th {\n",
       "        vertical-align: top;\n",
       "    }\n",
       "\n",
       "    .dataframe thead th {\n",
       "        text-align: right;\n",
       "    }\n",
       "</style>\n",
       "<table border=\"1\" class=\"dataframe\">\n",
       "  <thead>\n",
       "    <tr style=\"text-align: right;\">\n",
       "      <th></th>\n",
       "      <th>DOB_YY</th>\n",
       "      <th>IP_GON</th>\n",
       "      <th>IP_SYPH</th>\n",
       "      <th>IP_CHLAM</th>\n",
       "      <th>IP_HEPB</th>\n",
       "      <th>IP_HEPC</th>\n",
       "      <th>NO_INFEC</th>\n",
       "      <th>AB_NICU</th>\n",
       "    </tr>\n",
       "  </thead>\n",
       "  <tbody>\n",
       "    <tr>\n",
       "      <th>315588</th>\n",
       "      <td>2018</td>\n",
       "      <td>N</td>\n",
       "      <td>N</td>\n",
       "      <td>N</td>\n",
       "      <td>N</td>\n",
       "      <td>N</td>\n",
       "      <td>1</td>\n",
       "      <td>N</td>\n",
       "    </tr>\n",
       "    <tr>\n",
       "      <th>315589</th>\n",
       "      <td>2018</td>\n",
       "      <td>N</td>\n",
       "      <td>N</td>\n",
       "      <td>N</td>\n",
       "      <td>N</td>\n",
       "      <td>N</td>\n",
       "      <td>1</td>\n",
       "      <td>N</td>\n",
       "    </tr>\n",
       "    <tr>\n",
       "      <th>315590</th>\n",
       "      <td>2018</td>\n",
       "      <td>N</td>\n",
       "      <td>N</td>\n",
       "      <td>N</td>\n",
       "      <td>N</td>\n",
       "      <td>N</td>\n",
       "      <td>1</td>\n",
       "      <td>N</td>\n",
       "    </tr>\n",
       "    <tr>\n",
       "      <th>315591</th>\n",
       "      <td>2018</td>\n",
       "      <td>Y</td>\n",
       "      <td>N</td>\n",
       "      <td>N</td>\n",
       "      <td>N</td>\n",
       "      <td>N</td>\n",
       "      <td>0</td>\n",
       "      <td>N</td>\n",
       "    </tr>\n",
       "    <tr>\n",
       "      <th>315592</th>\n",
       "      <td>2018</td>\n",
       "      <td>N</td>\n",
       "      <td>N</td>\n",
       "      <td>N</td>\n",
       "      <td>N</td>\n",
       "      <td>N</td>\n",
       "      <td>1</td>\n",
       "      <td>N</td>\n",
       "    </tr>\n",
       "  </tbody>\n",
       "</table>\n",
       "</div>"
      ],
      "text/plain": [
       "        DOB_YY IP_GON IP_SYPH IP_CHLAM IP_HEPB IP_HEPC  NO_INFEC AB_NICU\n",
       "315588    2018      N       N        N       N       N         1       N\n",
       "315589    2018      N       N        N       N       N         1       N\n",
       "315590    2018      N       N        N       N       N         1       N\n",
       "315591    2018      Y       N        N       N       N         0       N\n",
       "315592    2018      N       N        N       N       N         1       N"
      ]
     },
     "execution_count": 31,
     "metadata": {},
     "output_type": "execute_result"
    }
   ],
   "source": [
    "df_inf_18_1 = pd.read_csv(\"infections_18_1.csv\", sep='\\t')\n",
    "df_inf_18_1.tail()"
   ]
  },
  {
   "cell_type": "code",
   "execution_count": 35,
   "metadata": {},
   "outputs": [],
   "source": [
    "df_inf_18_1.drop(\"DOB_YY\", axis = 1, inplace = True)"
   ]
  },
  {
   "cell_type": "code",
   "execution_count": 33,
   "metadata": {},
   "outputs": [],
   "source": [
    "df_inf_18_1['IP_GON'] = pd.DataFrame(list(map(parseToInt, df_inf_18_1['IP_GON'])))\n",
    "df_inf_18_1['IP_SYPH'] = pd.DataFrame(list(map(parseToInt, df_inf_18_1['IP_SYPH'])))\n",
    "df_inf_18_1['IP_CHLAM'] = pd.DataFrame(list(map(parseToInt, df_inf_18_1['IP_CHLAM'])))\n",
    "df_inf_18_1['IP_HEPB'] = pd.DataFrame(list(map(parseToInt, df_inf_18_1['IP_HEPB'])))\n",
    "df_inf_18_1['IP_HEPC'] = pd.DataFrame(list(map(parseToInt, df_inf_18_1['IP_HEPC'])))\n",
    "df_inf_18_1['AB_NICU'] = pd.DataFrame(list(map(parseToInt, df_inf_18_1['AB_NICU'])))"
   ]
  },
  {
   "cell_type": "code",
   "execution_count": 36,
   "metadata": {},
   "outputs": [
    {
     "data": {
      "text/html": [
       "<div>\n",
       "<style scoped>\n",
       "    .dataframe tbody tr th:only-of-type {\n",
       "        vertical-align: middle;\n",
       "    }\n",
       "\n",
       "    .dataframe tbody tr th {\n",
       "        vertical-align: top;\n",
       "    }\n",
       "\n",
       "    .dataframe thead th {\n",
       "        text-align: right;\n",
       "    }\n",
       "</style>\n",
       "<table border=\"1\" class=\"dataframe\">\n",
       "  <thead>\n",
       "    <tr style=\"text-align: right;\">\n",
       "      <th></th>\n",
       "      <th>IP_GON</th>\n",
       "      <th>IP_SYPH</th>\n",
       "      <th>IP_CHLAM</th>\n",
       "      <th>IP_HEPB</th>\n",
       "      <th>IP_HEPC</th>\n",
       "      <th>NO_INFEC</th>\n",
       "      <th>AB_NICU</th>\n",
       "    </tr>\n",
       "  </thead>\n",
       "  <tbody>\n",
       "    <tr>\n",
       "      <th>IP_GON</th>\n",
       "      <td>1.000000</td>\n",
       "      <td>0.551379</td>\n",
       "      <td>0.356803</td>\n",
       "      <td>0.463985</td>\n",
       "      <td>0.380459</td>\n",
       "      <td>-0.696872</td>\n",
       "      <td>0.009499</td>\n",
       "    </tr>\n",
       "    <tr>\n",
       "      <th>IP_SYPH</th>\n",
       "      <td>0.551379</td>\n",
       "      <td>1.000000</td>\n",
       "      <td>0.292444</td>\n",
       "      <td>0.579283</td>\n",
       "      <td>0.469366</td>\n",
       "      <td>-0.794204</td>\n",
       "      <td>0.016185</td>\n",
       "    </tr>\n",
       "    <tr>\n",
       "      <th>IP_CHLAM</th>\n",
       "      <td>0.356803</td>\n",
       "      <td>0.292444</td>\n",
       "      <td>1.000000</td>\n",
       "      <td>0.241089</td>\n",
       "      <td>0.200737</td>\n",
       "      <td>-0.612919</td>\n",
       "      <td>0.012770</td>\n",
       "    </tr>\n",
       "    <tr>\n",
       "      <th>IP_HEPB</th>\n",
       "      <td>0.463985</td>\n",
       "      <td>0.579283</td>\n",
       "      <td>0.241089</td>\n",
       "      <td>1.000000</td>\n",
       "      <td>0.409487</td>\n",
       "      <td>-0.729261</td>\n",
       "      <td>0.006639</td>\n",
       "    </tr>\n",
       "    <tr>\n",
       "      <th>IP_HEPC</th>\n",
       "      <td>0.380459</td>\n",
       "      <td>0.469366</td>\n",
       "      <td>0.200737</td>\n",
       "      <td>0.409487</td>\n",
       "      <td>1.000000</td>\n",
       "      <td>-0.652722</td>\n",
       "      <td>0.036399</td>\n",
       "    </tr>\n",
       "    <tr>\n",
       "      <th>NO_INFEC</th>\n",
       "      <td>-0.696872</td>\n",
       "      <td>-0.794204</td>\n",
       "      <td>-0.612919</td>\n",
       "      <td>-0.729261</td>\n",
       "      <td>-0.652722</td>\n",
       "      <td>1.000000</td>\n",
       "      <td>-0.018167</td>\n",
       "    </tr>\n",
       "    <tr>\n",
       "      <th>AB_NICU</th>\n",
       "      <td>0.009499</td>\n",
       "      <td>0.016185</td>\n",
       "      <td>0.012770</td>\n",
       "      <td>0.006639</td>\n",
       "      <td>0.036399</td>\n",
       "      <td>-0.018167</td>\n",
       "      <td>1.000000</td>\n",
       "    </tr>\n",
       "  </tbody>\n",
       "</table>\n",
       "</div>"
      ],
      "text/plain": [
       "            IP_GON   IP_SYPH  IP_CHLAM   IP_HEPB   IP_HEPC  NO_INFEC   AB_NICU\n",
       "IP_GON    1.000000  0.551379  0.356803  0.463985  0.380459 -0.696872  0.009499\n",
       "IP_SYPH   0.551379  1.000000  0.292444  0.579283  0.469366 -0.794204  0.016185\n",
       "IP_CHLAM  0.356803  0.292444  1.000000  0.241089  0.200737 -0.612919  0.012770\n",
       "IP_HEPB   0.463985  0.579283  0.241089  1.000000  0.409487 -0.729261  0.006639\n",
       "IP_HEPC   0.380459  0.469366  0.200737  0.409487  1.000000 -0.652722  0.036399\n",
       "NO_INFEC -0.696872 -0.794204 -0.612919 -0.729261 -0.652722  1.000000 -0.018167\n",
       "AB_NICU   0.009499  0.016185  0.012770  0.006639  0.036399 -0.018167  1.000000"
      ]
     },
     "execution_count": 36,
     "metadata": {},
     "output_type": "execute_result"
    }
   ],
   "source": [
    "df_inf_18_1.corr()"
   ]
  },
  {
   "cell_type": "code",
   "execution_count": 37,
   "metadata": {},
   "outputs": [
    {
     "data": {
      "text/html": [
       "<div>\n",
       "<style scoped>\n",
       "    .dataframe tbody tr th:only-of-type {\n",
       "        vertical-align: middle;\n",
       "    }\n",
       "\n",
       "    .dataframe tbody tr th {\n",
       "        vertical-align: top;\n",
       "    }\n",
       "\n",
       "    .dataframe thead th {\n",
       "        text-align: right;\n",
       "    }\n",
       "</style>\n",
       "<table border=\"1\" class=\"dataframe\">\n",
       "  <thead>\n",
       "    <tr style=\"text-align: right;\">\n",
       "      <th></th>\n",
       "      <th>DOB_YY</th>\n",
       "      <th>IP_GON</th>\n",
       "      <th>IP_SYPH</th>\n",
       "      <th>IP_CHLAM</th>\n",
       "      <th>IP_HEPB</th>\n",
       "      <th>IP_HEPC</th>\n",
       "      <th>NO_INFEC</th>\n",
       "      <th>AB_NICU</th>\n",
       "    </tr>\n",
       "  </thead>\n",
       "  <tbody>\n",
       "    <tr>\n",
       "      <th>1601531</th>\n",
       "      <td>2018</td>\n",
       "      <td>N</td>\n",
       "      <td>N</td>\n",
       "      <td>N</td>\n",
       "      <td>N</td>\n",
       "      <td>N</td>\n",
       "      <td>1.0</td>\n",
       "      <td>N</td>\n",
       "    </tr>\n",
       "    <tr>\n",
       "      <th>1601532</th>\n",
       "      <td>2018</td>\n",
       "      <td>N</td>\n",
       "      <td>N</td>\n",
       "      <td>N</td>\n",
       "      <td>N</td>\n",
       "      <td>N</td>\n",
       "      <td>1.0</td>\n",
       "      <td>N</td>\n",
       "    </tr>\n",
       "    <tr>\n",
       "      <th>1601533</th>\n",
       "      <td>2018</td>\n",
       "      <td>N</td>\n",
       "      <td>N</td>\n",
       "      <td>N</td>\n",
       "      <td>N</td>\n",
       "      <td>N</td>\n",
       "      <td>1.0</td>\n",
       "      <td>N</td>\n",
       "    </tr>\n",
       "    <tr>\n",
       "      <th>1601534</th>\n",
       "      <td>2018</td>\n",
       "      <td>Y</td>\n",
       "      <td>N</td>\n",
       "      <td>N</td>\n",
       "      <td>N</td>\n",
       "      <td>N</td>\n",
       "      <td>0.0</td>\n",
       "      <td>N</td>\n",
       "    </tr>\n",
       "    <tr>\n",
       "      <th>1601535</th>\n",
       "      <td>2018</td>\n",
       "      <td>N</td>\n",
       "      <td>N</td>\n",
       "      <td>N</td>\n",
       "      <td>N</td>\n",
       "      <td>N</td>\n",
       "      <td>1.0</td>\n",
       "      <td>N</td>\n",
       "    </tr>\n",
       "  </tbody>\n",
       "</table>\n",
       "</div>"
      ],
      "text/plain": [
       "         DOB_YY IP_GON IP_SYPH IP_CHLAM IP_HEPB IP_HEPC  NO_INFEC AB_NICU\n",
       "1601531    2018      N       N        N       N       N       1.0       N\n",
       "1601532    2018      N       N        N       N       N       1.0       N\n",
       "1601533    2018      N       N        N       N       N       1.0       N\n",
       "1601534    2018      Y       N        N       N       N       0.0       N\n",
       "1601535    2018      N       N        N       N       N       1.0       N"
      ]
     },
     "execution_count": 37,
     "metadata": {},
     "output_type": "execute_result"
    }
   ],
   "source": [
    "df_inf_1 = pd.read_csv(\"infections_1.csv\", sep='\\t')\n",
    "df_inf_1.tail()"
   ]
  },
  {
   "cell_type": "code",
   "execution_count": 38,
   "metadata": {},
   "outputs": [],
   "source": [
    "df_inf_1.drop(\"DOB_YY\", axis = 1, inplace = True)"
   ]
  },
  {
   "cell_type": "code",
   "execution_count": 39,
   "metadata": {},
   "outputs": [],
   "source": [
    "df_inf_1['IP_GON'] = pd.DataFrame(list(map(parseToInt, df_inf_1['IP_GON'])))\n",
    "df_inf_1['IP_SYPH'] = pd.DataFrame(list(map(parseToInt, df_inf_1['IP_SYPH'])))\n",
    "df_inf_1['IP_CHLAM'] = pd.DataFrame(list(map(parseToInt, df_inf_1['IP_CHLAM'])))\n",
    "df_inf_1['IP_HEPB'] = pd.DataFrame(list(map(parseToInt, df_inf_1['IP_HEPB'])))\n",
    "df_inf_1['IP_HEPC'] = pd.DataFrame(list(map(parseToInt, df_inf_1['IP_HEPC'])))\n",
    "df_inf_1['AB_NICU'] = pd.DataFrame(list(map(parseToInt, df_inf_1['AB_NICU'])))"
   ]
  },
  {
   "cell_type": "code",
   "execution_count": 40,
   "metadata": {},
   "outputs": [
    {
     "data": {
      "text/html": [
       "<div>\n",
       "<style scoped>\n",
       "    .dataframe tbody tr th:only-of-type {\n",
       "        vertical-align: middle;\n",
       "    }\n",
       "\n",
       "    .dataframe tbody tr th {\n",
       "        vertical-align: top;\n",
       "    }\n",
       "\n",
       "    .dataframe thead th {\n",
       "        text-align: right;\n",
       "    }\n",
       "</style>\n",
       "<table border=\"1\" class=\"dataframe\">\n",
       "  <thead>\n",
       "    <tr style=\"text-align: right;\">\n",
       "      <th></th>\n",
       "      <th>IP_GON</th>\n",
       "      <th>IP_SYPH</th>\n",
       "      <th>IP_CHLAM</th>\n",
       "      <th>IP_HEPB</th>\n",
       "      <th>IP_HEPC</th>\n",
       "      <th>NO_INFEC</th>\n",
       "      <th>AB_NICU</th>\n",
       "    </tr>\n",
       "  </thead>\n",
       "  <tbody>\n",
       "    <tr>\n",
       "      <th>IP_GON</th>\n",
       "      <td>1.000000</td>\n",
       "      <td>0.904274</td>\n",
       "      <td>0.686163</td>\n",
       "      <td>0.869105</td>\n",
       "      <td>0.829619</td>\n",
       "      <td>-0.747984</td>\n",
       "      <td>0.304507</td>\n",
       "    </tr>\n",
       "    <tr>\n",
       "      <th>IP_SYPH</th>\n",
       "      <td>0.904274</td>\n",
       "      <td>1.000000</td>\n",
       "      <td>0.671448</td>\n",
       "      <td>0.916057</td>\n",
       "      <td>0.873229</td>\n",
       "      <td>-0.850704</td>\n",
       "      <td>0.321692</td>\n",
       "    </tr>\n",
       "    <tr>\n",
       "      <th>IP_CHLAM</th>\n",
       "      <td>0.686163</td>\n",
       "      <td>0.671448</td>\n",
       "      <td>1.000000</td>\n",
       "      <td>0.642864</td>\n",
       "      <td>0.615456</td>\n",
       "      <td>-0.621983</td>\n",
       "      <td>0.226643</td>\n",
       "    </tr>\n",
       "    <tr>\n",
       "      <th>IP_HEPB</th>\n",
       "      <td>0.869105</td>\n",
       "      <td>0.916057</td>\n",
       "      <td>0.642864</td>\n",
       "      <td>1.000000</td>\n",
       "      <td>0.845953</td>\n",
       "      <td>-0.774134</td>\n",
       "      <td>0.308742</td>\n",
       "    </tr>\n",
       "    <tr>\n",
       "      <th>IP_HEPC</th>\n",
       "      <td>0.829619</td>\n",
       "      <td>0.873229</td>\n",
       "      <td>0.615456</td>\n",
       "      <td>0.845953</td>\n",
       "      <td>1.000000</td>\n",
       "      <td>-0.709697</td>\n",
       "      <td>0.306113</td>\n",
       "    </tr>\n",
       "    <tr>\n",
       "      <th>NO_INFEC</th>\n",
       "      <td>-0.747984</td>\n",
       "      <td>-0.850704</td>\n",
       "      <td>-0.621983</td>\n",
       "      <td>-0.774134</td>\n",
       "      <td>-0.709697</td>\n",
       "      <td>1.000000</td>\n",
       "      <td>-0.023888</td>\n",
       "    </tr>\n",
       "    <tr>\n",
       "      <th>AB_NICU</th>\n",
       "      <td>0.304507</td>\n",
       "      <td>0.321692</td>\n",
       "      <td>0.226643</td>\n",
       "      <td>0.308742</td>\n",
       "      <td>0.306113</td>\n",
       "      <td>-0.023888</td>\n",
       "      <td>1.000000</td>\n",
       "    </tr>\n",
       "  </tbody>\n",
       "</table>\n",
       "</div>"
      ],
      "text/plain": [
       "            IP_GON   IP_SYPH  IP_CHLAM   IP_HEPB   IP_HEPC  NO_INFEC   AB_NICU\n",
       "IP_GON    1.000000  0.904274  0.686163  0.869105  0.829619 -0.747984  0.304507\n",
       "IP_SYPH   0.904274  1.000000  0.671448  0.916057  0.873229 -0.850704  0.321692\n",
       "IP_CHLAM  0.686163  0.671448  1.000000  0.642864  0.615456 -0.621983  0.226643\n",
       "IP_HEPB   0.869105  0.916057  0.642864  1.000000  0.845953 -0.774134  0.308742\n",
       "IP_HEPC   0.829619  0.873229  0.615456  0.845953  1.000000 -0.709697  0.306113\n",
       "NO_INFEC -0.747984 -0.850704 -0.621983 -0.774134 -0.709697  1.000000 -0.023888\n",
       "AB_NICU   0.304507  0.321692  0.226643  0.308742  0.306113 -0.023888  1.000000"
      ]
     },
     "execution_count": 40,
     "metadata": {},
     "output_type": "execute_result"
    }
   ],
   "source": [
    "df_inf_1.corr()"
   ]
  },
  {
   "cell_type": "code",
   "execution_count": 41,
   "metadata": {},
   "outputs": [
    {
     "data": {
      "text/html": [
       "<div>\n",
       "<style scoped>\n",
       "    .dataframe tbody tr th:only-of-type {\n",
       "        vertical-align: middle;\n",
       "    }\n",
       "\n",
       "    .dataframe tbody tr th {\n",
       "        vertical-align: top;\n",
       "    }\n",
       "\n",
       "    .dataframe thead th {\n",
       "        text-align: right;\n",
       "    }\n",
       "</style>\n",
       "<table border=\"1\" class=\"dataframe\">\n",
       "  <thead>\n",
       "    <tr style=\"text-align: right;\">\n",
       "      <th></th>\n",
       "      <th>DOB_YY</th>\n",
       "      <th>MM_MTR</th>\n",
       "      <th>MM_PLAC</th>\n",
       "      <th>MM_RUPT</th>\n",
       "      <th>MM_UHYST</th>\n",
       "      <th>MM_AICU</th>\n",
       "      <th>NO_MMORB</th>\n",
       "      <th>AB_NICU</th>\n",
       "    </tr>\n",
       "  </thead>\n",
       "  <tbody>\n",
       "    <tr>\n",
       "      <th>1601531</th>\n",
       "      <td>2018</td>\n",
       "      <td>N</td>\n",
       "      <td>N</td>\n",
       "      <td>N</td>\n",
       "      <td>N</td>\n",
       "      <td>N</td>\n",
       "      <td>1.0</td>\n",
